<?xml version="1.0" encoding="UTF-8" standalone="no" ?>
<COLLADA xmlns="http://www.collada.org/2005/11/COLLADASchema" version="1.4.1">
    <asset>
        <contributor>
            <authoring_tool>SketchUp 8.0.16846</authoring_tool>
        </contributor>
        <created>2013-10-15T01:24:27Z</created>
        <modified>2013-10-15T01:24:27Z</modified>
        <unit meter="0.02539999969303608" name="inch" />
        <up_axis>Z_UP</up_axis>
    </asset>
    <library_visual_scenes>
        <visual_scene id="ID1">
            <node name="SketchUp">
                <node id="ID2" name="instance_0">
                    <matrix>1 0 0 0 0 1 0 0 0 0 1 0 0 0 0 1</matrix>
                    <instance_node url="#ID3" />
                </node>
            </node>
        </visual_scene>
    </library_visual_scenes>
    <library_nodes>
        <node id="ID3" name="Spaceship_Earth___Epcot___Geodesic_Sphere">
            <node id="ID4" name="instance_1">
                <matrix>1 0 0 0 0 1 0 0 0 0 1 0 0 0 0 1</matrix>
                <instance_node url="#ID5" />
            </node>
        </node>
        <node id="ID5" name="Sphere">
            <node id="ID6" name="instance_2">
                <matrix>1.850603004172058e-014 -0.1568997820137755 0.9876145292592804 11.21006850011613 0.3568220897731156 -0.9226021945439832 -0.1465714394845495 -1.527864071245254 0.934172358962706 0.3524026802205909 0.05598530810308459 -4.000000068711069 0 0 0 1</matrix>
                <instance_node url="#ID7" />
            </node>
            <node id="ID21" name="instance_3">
                <matrix>2.92821322744885e-014 -0.15689978201385 0.9876145292592685 11.21006850011607 -0.3568220897731158 0.9226021945439715 0.1465714394846229 1.527864071246045 -0.934172358962706 -0.3524026802205885 -0.05598530810310126 4.000000068710863 0 0 0 1</matrix>
                <instance_node url="#ID7" />
            </node>
            <node id="ID22" name="instance_4">
                <matrix>0.309016994374975 -0.877446829069259 0.3668726745667485 4.281865150830027 0.7557613140761624 -0.007620043257579534 -0.654802849021463 -10.47213613488703 0.577350269189622 0.4796133829419852 0.6607856457048804 4.000000068710784 0 0 0 1</matrix>
                <instance_node url="#ID7" />
            </node>
            <node id="ID23" name="instance_5">
                <matrix>-0.3090169943749525 0.7205470470554405 0.6207418546925569 6.928203349286438 -0.7557613140761929 0.2101767908452674 -0.6202020257430727 -4.000000068710786 -0.5773502691895942 -0.6607856457049213 0.4796133829419624 8.944272063641389 0 0 0 1</matrix>
                <instance_node url="#ID7" />
            </node>
            <node id="ID24" name="instance_6">
                <matrix>-0.8090169943749671 0.5422919636856051 -0.2267397824258128 -1.776356839400251e-014 -0.467086179481336 -0.8273066174336002 -0.3120805371824777 6.217248937900877e-015 -0.356822089773074 -0.146571439484591 0.9226021945439927 12.00000020613272 0 0 0 1</matrix>
                <instance_node url="#ID7" />
            </node>
            <node id="ID25" name="instance_7">
                <matrix>0.8090169943749519 -0.4453225655736181 -0.383639564439657 -6.928203349286311 0.4670861794813284 0.883291925536712 -0.0403221430380892 -4.000000068710998 0.3568220897731184 -0.1465714394845684 0.9226021945439791 8.944272063641318 0 0 0 1</matrix>
                <instance_node url="#ID7" />
            </node>
            <node id="ID26" name="instance_8">
                <matrix>1 5.165792893433206e-014 -2.342570581959078e-014 -4.281865150829891 4.607708185585371e-014 -0.4989741197051657 0.8666168864408627 10.47213613488689 3.307881259325171e-014 -0.8666168864408627 -0.4989741197051657 -4.000000068711235 0 0 0 1</matrix>
                <instance_node url="#ID7" />
            </node>
            <node id="ID27" name="instance_9">
                <matrix>0.500000000000034 -0.4321242634956168 0.7505122390063582 6.928203349286212 -0.6454972243678643 -0.7637012660729193 -0.00968036838159375 4.000000068710733 0.5773502691896396 -0.4796133829419181 -0.6607856457049138 -8.944272063641581 0 0 0 1</matrix>
                <instance_node url="#ID7" />
            </node>
            <node id="ID28" name="instance_10">
                <matrix>0.4999999999999509 0.4321242634956521 -0.7505122390063931 -11.21006850011611 -0.6454972243679319 0.7637012660728617 0.009680368381622499 1.527864071245895 0.5773502691896358 0.4796133829419779 0.6607856457048736 4.000000068710653 0 0 0 1</matrix>
                <instance_node url="#ID7" />
            </node>
            <node id="ID29" name="instance_11">
                <matrix>-0.3090169943750095 0.877446829069257 -0.3668726745667242 -4.281865150829547 -0.1784110448865219 0.3254219001997818 0.928584991227439 10.47213613488701 0.9341723589626997 0.3524026802206098 0.05598530810307063 -4.000000068711247 0 0 0 1</matrix>
                <instance_node url="#ID7" />
            </node>
            <node id="ID30" name="instance_12">
                <matrix>-0.3090169943749218 -0.8774468290693005 0.366872674566694 6.928203349285891 0.1784110448865479 0.3254219001997457 0.9285849912274466 8.944272063641689 -0.9341723589627237 0.3524026802205349 0.05598530810314099 4.000000068711047 0 0 0 1</matrix>
                <instance_node url="#ID7" />
            </node>
            <node id="ID31" name="instance_13">
                <matrix>0.309016994374946 0.7205470470555011 0.6207418546924898 4.2818651508292 -0.1784110448865073 -0.5971802943441602 0.7820135517428881 10.47213613488735 0.9341723589627236 -0.3524026802205391 -0.0559853081031187 -4.00000006871081 0 0 0 1</matrix>
                <instance_node url="#ID7" />
            </node>
            <node id="ID32" name="instance_14">
                <matrix>-0.3090169943749647 0.7205470470554316 0.6207418546925613 6.928203349286585 0.7557613140762173 -0.2101767908452344 0.6202020257430542 4.000000068710394 0.5773502691895557 0.6607856457049415 -0.4796133829419809 -8.944272063641487 0 0 0 1</matrix>
                <instance_node url="#ID7" />
            </node>
            <node id="ID33" name="instance_15">
                <matrix>0.3090169943749429 -0.7205470470554442 -0.6207418546925577 -6.928203349286362 -0.1784110448865868 0.5971802943442037 -0.7820135517428369 -8.944272063641295 0.9341723589627093 0.3524026802205824 0.05598530810308317 -4.000000068711119 0 0 0 1</matrix>
                <instance_node url="#ID7" />
            </node>
            <node id="ID34" name="instance_16">
                <matrix>-3.048256091986445e-014 0.9876145292592753 0.1568997820138068 -5.906386491005833e-014 -0.9341723589627058 -0.05598530810314105 0.3524026802205826 8.0000001374219 0.3568220897731163 -0.1465714394845614 0.9226021945439811 8.944272063641353 0 0 0 1</matrix>
                <instance_node url="#ID7" />
            </node>
            <node id="ID35" name="instance_17">
                <matrix>0.8090169943749362 0.4453225655736791 0.3836395644396193 -2.398081733190338e-014 0.4670861794814108 -0.8832919255366711 0.04032214303803139 -5.559996907322784e-013 0.3568220897730461 0.1465714394846299 -0.9226021945439973 -12.00000020613277 0 0 0 1</matrix>
                <instance_node url="#ID7" />
            </node>
            <node id="ID36" name="instance_18">
                <matrix>-0.3090169943749087 -0.8774468290692896 0.3668726745667311 6.928203349286225 -0.1784110448865464 -0.3254219001997862 -0.9285849912274328 -8.94427206364149 0.9341723589627282 -0.3524026802205246 -0.05598530810312945 -4.000000068710971 0 0 0 1</matrix>
                <instance_node url="#ID7" />
            </node>
            <node id="ID37" name="instance_19">
                <matrix>0.3090169943749443 0.7205470470554719 0.6207418546925246 4.281865150829634 0.1784110448864734 0.5971802943442107 -0.7820135517428575 -10.47213613488698 -0.9341723589627304 0.3524026802205135 0.05598530810316289 4.00000006871136 0 0 0 1</matrix>
                <instance_node url="#ID7" />
            </node>
            <node id="ID38" name="instance_20">
                <matrix>-0.8090169943749804 0.5422919636855964 -0.2267397824257857 3.83248988100604e-013 0.4670861794813393 0.827306617433606 0.3120805371824575 -3.272937476594962e-013 0.3568220897730393 0.1465714394845908 -0.9226021945440062 -12.00000020613277 0 0 0 1</matrix>
                <instance_node url="#ID7" />
            </node>
            <node id="ID39" name="instance_21">
                <matrix>-2.859518177800169e-014 0.1568997820138145 -0.9876145292592741 -11.21006850011603 -0.3568220897730649 -0.9226021945439992 -0.1465714394845724 1.527864071245714 -0.9341723589627253 0.3524026802205317 0.055985308103134 4.000000068710972 0 0 0 1</matrix>
                <instance_node url="#ID7" />
            </node>
            <node id="ID40" name="instance_22">
                <matrix>0.809016994374972 -0.5422919636856068 0.2267397824257911 -2.193800696659309e-013 -0.1102640897082725 -0.5189236519492376 -0.8476792282275605 -8.0000001374219 0.5773502691895905 0.6607856457049253 -0.4796133829419613 -8.944272063641382 0 0 0 1</matrix>
                <instance_node url="#ID7" />
            </node>
            <node id="ID41" name="instance_23">
                <matrix>0.3090169943749951 -0.8774468290692565 0.3668726745667375 4.281865150829823 -0.755761314076172 0.007620043257546282 0.6548028490214524 10.47213613488697 -0.5773502691895986 -0.4796133829419902 -0.6607856457048972 -4.000000068711071 0 0 0 1</matrix>
                <instance_node url="#ID7" />
            </node>
            <node id="ID42" name="instance_24">
                <matrix>-0.5000000000000288 -0.1782550833698565 -0.847481637118337 -6.928203349285981 -0.6454972243679175 0.7291004427945107 0.2274772024844754 4.000000068710953 0.5773502691895844 0.6607856457049095 -0.4796133829419904 -8.944272063641677 0 0 0 1</matrix>
                <instance_node url="#ID7" />
            </node>
            <node id="ID43" name="instance_25">
                <matrix>0.809016994374947 0.4453225655736557 0.3836395644396237 -1.398881011027697e-014 -0.4670861794813744 0.8832919255366888 -0.04032214303806164 7.105427357601002e-015 -0.3568220897730693 -0.146571439484593 0.9226021945439942 12.00000020613275 0 0 0 1</matrix>
                <instance_node url="#ID7" />
            </node>
            <node id="ID44" name="instance_26">
                <matrix>-0.4999999999999669 0.178255083369835 0.8474816371183781 11.21006850011608 -0.6454972243679013 -0.7291004427945425 -0.2274772024844193 1.527864071246032 0.5773502691896562 -0.6607856457048801 0.4796133829419444 4.00000006871087 0 0 0 1</matrix>
                <instance_node url="#ID7" />
            </node>
            <node id="ID45" name="instance_27">
                <matrix>-0.8090169943749455 -0.4453225655736707 -0.3836395644396097 1.989519660128281e-013 -0.1102640897083181 0.7560812228152988 -0.6451224806398539 -8.000000137421745 0.5773502691896191 -0.4796133829419343 -0.6607856457049199 -8.944272063641531 0 0 0 1</matrix>
                <instance_node url="#ID7" />
            </node>
            <node id="ID46" name="instance_28">
                <matrix>0.8090169943749128 0.5422919636856727 -0.2267397824258447 -6.928203349286356 -0.1102640897082671 0.5189236519492384 0.8476792282275607 8.944272063641451 0.5773502691896745 -0.6607856457048706 0.4796133829419356 4.000000068710646 0 0 0 1</matrix>
                <instance_node url="#ID7" />
            </node>
            <node id="ID47" name="instance_29">
                <matrix>-0.8090169943749266 -0.4453225655736858 -0.3836395644396321 -6.461498003318411e-014 0.1102640897083036 -0.7560812228152876 0.6451224806398693 8.000000137421894 -0.5773502691896485 0.4796133829419376 0.6607856457048918 8.944272063641346 0 0 0 1</matrix>
                <instance_node url="#ID7" />
            </node>
            <node id="ID48" name="instance_30">
                <matrix>-0.8090169943749314 -0.5422919636856444 0.2267397824258459 6.928203349286438 0.467086179481367 -0.827306617433579 -0.3120805371824876 -4.000000068710782 0.3568220897731142 -0.1465714394845654 0.9226021945439813 8.944272063641389 0 0 0 1</matrix>
                <instance_node url="#ID7" />
            </node>
            <node id="ID49" name="instance_31">
                <matrix>-0.8090169943749492 0.4453225655736109 0.3836395644396711 6.928203349286523 0.110264089708207 0.7560812228153018 -0.6451224806398693 -8.944272063641398 -0.5773502691896351 -0.4796133829419852 -0.6607856457048691 -4.000000068710627 0 0 0 1</matrix>
                <instance_node url="#ID7" />
            </node>
            <node id="ID50" name="instance_32">
                <matrix>0.8090169943749231 0.5422919636856565 -0.2267397824258467 -6.928203349286456 0.1102640897082525 -0.5189236519492382 -0.8476792282275628 -8.944272063641458 -0.5773502691896628 0.6607856457048841 -0.479613382941931 -4.000000068710687 0 0 0 1</matrix>
                <instance_node url="#ID7" />
            </node>
            <node id="ID51" name="instance_33">
                <matrix>0.8090169943749584 -0.4453225655736023 -0.3836395644396617 -6.928203349286423 -0.4670861794813206 -0.8832919255367171 0.04032214303806703 4.000000068710709 -0.356822089773114 0.1465714394845853 -0.9226021945439781 -8.944272063641417 0 0 0 1</matrix>
                <instance_node url="#ID7" />
            </node>
            <node id="ID52" name="instance_34">
                <matrix>0.5000000000000167 0.1782550833698394 0.8474816371183478 6.928203349286218 0.8660254037844291 -0.102915620367936 -0.4892937513235782 -8.944272063641632 -5.713485240477211e-014 0.9785875026471035 -0.205831240735962 -4.00000006871064 0 0 0 1</matrix>
                <instance_node url="#ID7" />
            </node>
            <node id="ID53" name="instance_35">
                <matrix>3.751859933842638e-014 -0.9876145292592731 -0.1568997820138209 -5.773159728050814e-014 -0.9341723589627262 0.05598530810307493 -0.3524026802205388 5.151434834260726e-014 0.3568220897730626 0.1465714394846018 -0.9226021945439954 -12.00000020613275 0 0 0 1</matrix>
                <instance_node url="#ID7" />
            </node>
            <node id="ID54" name="instance_36">
                <matrix>3.080175003944418e-014 -0.9876145292592733 -0.15689978201382 -2.97539770599542e-014 0.9341723589627226 -0.05598530810308229 0.3524026802205471 7.105427357601002e-015 -0.3568220897730719 -0.1465714394845981 0.9226021945439924 12.00000020613272 0 0 0 1</matrix>
                <instance_node url="#ID7" />
            </node>
            <node id="ID55" name="instance_37">
                <matrix>0.8090169943749412 0.4453225655736699 0.3836395644396194 -8.060219158778637e-014 0.4670861794813979 -0.8832919255366775 0.04032214303803894 -4.010125564946065e-013 0.3568220897730516 0.1465714394846187 -0.9226021945439968 -12.00000020613274 0 0 0 1</matrix>
                <instance_node url="#ID7" />
            </node>
            <node id="ID56" name="instance_38">
                <matrix>-0.4999999999999701 0.178255083369798 0.847481637118384 11.21006850011624 0.6454972243678684 0.7291004427945691 0.227477202484427 -1.527864071245928 -0.5773502691896901 0.6607856457048607 -0.4796133829419303 -4.00000006871054 0 0 0 1</matrix>
                <instance_node url="#ID7" />
            </node>
            <node id="ID57" name="instance_39">
                <matrix>-0.8090169943749143 -0.5422919636856673 0.2267397824258524 6.928203349286559 -0.4670861794813908 0.827306617433567 0.312080537182484 4.000000068710833 -0.356822089773122 0.1465714394845488 -0.9226021945439809 -8.944272063641343 0 0 0 1</matrix>
                <instance_node url="#ID7" />
            </node>
            <node id="ID58" name="instance_40">
                <matrix>0.4999999999999842 -0.1782550833697837 -0.8474816371183788 -11.2100685001162 0.8660254037844478 0.1029156203680072 0.48929375132353 1.527864071245562 4.225786387479502e-014 -0.978587502647106 0.2058312407359492 4.000000068710568 0 0 0 1</matrix>
                <instance_node url="#ID7" />
            </node>
            <node id="ID59" name="instance_41">
                <matrix>0.5000000000000502 0.1782550833698397 0.847481637118328 6.928203349285873 -0.8660254037844097 0.1029156203679849 0.4892937513236021 8.944272063641677 2.214894934127187e-014 -0.9785875026470982 0.2058312407359867 4.000000068711058 0 0 0 1</matrix>
                <instance_node url="#ID7" />
            </node>
            <node id="ID60" name="instance_42">
                <matrix>-5.25135490647699e-014 0.1568997820138282 -0.9876145292592718 -11.21006850011593 0.3568220897730701 0.9226021945439965 0.1465714394845764 -1.527864071245698 0.9341723589627233 -0.3524026802205326 -0.05598530810316178 -4.000000068711326 0 0 0 1</matrix>
                <instance_node url="#ID7" />
            </node>
            <node id="ID61" name="instance_43">
                <matrix>-0.5000000000000452 0.4321242634956272 -0.7505122390063447 -6.928203349286019 0.8660254037844126 0.2494870598526075 -0.4333084432204694 -8.944272063641597 8.215650382226158e-015 -0.8666168864408674 -0.4989741197051575 -4.000000068711033 0 0 0 1</matrix>
                <instance_node url="#ID7" />
            </node>
            <node id="ID62" name="instance_44">
                <matrix>0.4999999999999612 0.4321242634956691 -0.7505122390063765 -11.21006850011601 0.6454972243679303 -0.763701266072863 -0.00968036838163271 -1.527864071245998 -0.5773502691896286 -0.4796133829419609 -0.6607856457048923 -4.000000068710973 0 0 0 1</matrix>
                <instance_node url="#ID7" />
            </node>
            <node id="ID63" name="instance_45">
                <matrix>0.809016994374981 -0.5422919636855869 0.226739782425807 -6.661338147750939e-014 0.1102640897082513 0.5189236519492498 0.8476792282275558 8.000000137421889 -0.577350269189582 -0.6607856457049322 0.4796133829419622 8.944272063641341 0 0 0 1</matrix>
                <instance_node url="#ID7" />
            </node>
            <node id="ID64" name="instance_46">
                <matrix>0.4999999999999767 -0.1782550833698198 -0.8474816371183757 -11.21006850011611 -0.8660254037844523 -0.1029156203680138 -0.489293751323521 -1.527864071245432 -3.141931159689193e-014 0.9785875026470988 -0.2058312407359839 -4.000000068711 0 0 0 1</matrix>
                <instance_node url="#ID7" />
            </node>
            <node id="ID65" name="instance_47">
                <matrix>0.3090169943749835 -0.720547047055441 -0.620741854692541 -6.928203349286347 0.1784110448865657 -0.5971802943441963 0.7820135517428475 8.944272063641469 -0.9341723589626998 -0.3524026802206013 -0.05598530810312082 4.00000006871065 0 0 0 1</matrix>
                <instance_node url="#ID7" />
            </node>
            <node id="ID66" name="instance_48">
                <matrix>-0.5000000000000517 0.4321242634955954 -0.7505122390063587 -6.928203349286054 -0.8660254037844088 -0.2494870598526036 0.433308443220479 8.944272063641668 -1.845745778439323e-014 0.8666168864408844 0.4989741197051279 4.000000068710702 0 0 0 1</matrix>
                <instance_node url="#ID7" />
            </node>
            <node id="ID67" name="instance_49">
                <matrix>-3.121114477977471e-014 0.9876145292592728 0.1568997820138228 1.043609643147647e-013 0.9341723589626971 0.05598530810315096 -0.3524026802206038 -8.000000137422168 -0.3568220897731387 0.1465714394845748 -0.9226021945439703 -8.944272063641172 0 0 0 1</matrix>
                <instance_node url="#ID7" />
            </node>
            <node id="ID68" name="instance_50">
                <matrix>-0.4999999999999929 -0.1782550833698422 -0.8474816371183613 -6.928203349286405 0.6454972243679263 -0.7291004427945078 -0.2274772024844594 -4.000000068710842 -0.5773502691896059 -0.6607856457049164 0.4796133829419551 8.944272063641334 0 0 0 1</matrix>
                <instance_node url="#ID7" />
            </node>
            <node id="ID69" name="instance_51">
                <matrix>-0.499999999999975 -0.4321242634956456 0.7505122390063809 11.21006850011613 -0.8660254037844531 0.2494870598525243 -0.4333084432204362 -1.527864071245777 3.883005028626484e-014 -0.8666168864408823 -0.4989741197051317 -4.000000068710851 0 0 0 1</matrix>
                <instance_node url="#ID7" />
            </node>
            <node id="ID70" name="instance_52">
                <matrix>0.3090169943748949 0.8774468290692843 -0.3668726745667553 -6.928203349286385 -0.7557613140762023 -0.007620043257619918 -0.6548028490214165 -4.000000068710525 -0.5773502691896126 0.4796133829419382 0.6607856457049227 8.944272063641519 0 0 0 1</matrix>
                <instance_node url="#ID7" />
            </node>
            <node id="ID71" name="instance_53">
                <matrix>-0.3090169943749394 -0.7205470470554556 -0.620741854692546 -4.281865150829872 0.7557613140761514 0.2101767908453147 -0.6202020257431071 -10.4721361348871 0.5773502691896555 -0.6607856457048897 0.4796133829419321 4.000000068710731 0 0 0 1</matrix>
                <instance_node url="#ID7" />
            </node>
            <node id="ID72" name="instance_54">
                <matrix>0.3090169943750011 -0.8774468290692583 0.3668726745667283 4.281865150829734 -0.7557613140761639 0.007620043257541037 0.6548028490214618 10.47213613488708 -0.5773502691896061 -0.4796133829419872 -0.6607856457048928 -4.000000068710991 0 0 0 1</matrix>
                <instance_node url="#ID7" />
            </node>
            <node id="ID73" name="instance_55">
                <matrix>1 3.910864571705097e-014 -3.425038030968607e-014 -4.281865150830014 -4.919616001292206e-014 0.4989741197051549 -0.866616886440869 -10.47213613488692 -1.680215941963736e-014 0.866616886440869 0.4989741197051549 4.000000068711037 0 0 0 1</matrix>
                <instance_node url="#ID7" />
            </node>
            <node id="ID74" name="instance_56">
                <matrix>-0.3090169943749888 0.877446829069265 -0.3668726745667227 -4.281865150829662 0.1784110448865195 -0.3254219001997825 -0.9285849912274392 -10.47213613488702 -0.9341723589627069 -0.3524026802205896 -0.05598530810307646 4.000000068711136 0 0 0 1</matrix>
                <instance_node url="#ID7" />
            </node>
            <node id="ID75" name="instance_57">
                <matrix>-0.5000000000000124 -0.4321242634956316 0.750512239006364 11.21006850011609 0.8660254037844316 -0.2494870598525758 0.4333084432204497 1.527864071246039 -4.107825191113079e-015 0.8666168864408744 0.4989741197051454 4.000000068710878 0 0 0 1</matrix>
                <instance_node url="#ID7" />
            </node>
            <node id="ID76" name="instance_58">
                <matrix>-0.3090169943749689 0.7205470470554356 0.6207418546925545 6.928203349286509 0.755761314076206 -0.2101767908452385 0.6202020257430666 4.000000068710571 0.5773502691895682 0.6607856457049358 -0.4796133829419736 -8.944272063641439 0 0 0 1</matrix>
                <instance_node url="#ID7" />
            </node>
            <node id="ID77" name="instance_59">
                <matrix>-0.8090169943749659 0.4453225655736026 0.3836395644396456 6.92820334928637 -0.1102640897082161 -0.7560812228153 0.64512248063987 8.944272063641421 0.5773502691896099 0.4796133829419957 0.6607856457048834 4.00000006871085 0 0 0 1</matrix>
                <instance_node url="#ID7" />
            </node>
            <node id="ID78" name="instance_60">
                <matrix>-1 -3.43689168289644e-014 5.662137425588306e-015 4.281865150829709 1.53329987070662e-015 -0.2058312407359888 -0.9785875026470978 -10.47213613488708 3.47984372598686e-014 -0.9785875026470978 0.2058312407359888 4.000000068711012 0 0 0 1</matrix>
                <instance_node url="#ID7" />
            </node>
            <node id="ID79" name="instance_61">
                <matrix>-0.3090169943749295 -0.7205470470554767 -0.6207418546925264 -4.281865150829656 -0.7557613140761489 -0.2101767908453079 0.6202020257431126 10.47213613488709 -0.577350269189664 0.6607856457048689 -0.4796133829419504 -4.000000068710893 0 0 0 1</matrix>
                <instance_node url="#ID7" />
            </node>
            <node id="ID80" name="instance_62">
                <matrix>-1 -5.99530370715377e-014 4.204969705767783e-014 4.281865150830178 2.880910002441437e-014 0.2058312407359925 0.978587502647097 10.47213613488691 -6.732443414189932e-014 0.978587502647097 -0.2058312407359925 -4.000000068710949 0 0 0 1</matrix>
                <instance_node url="#ID7" />
            </node>
            <node id="ID81" name="instance_63">
                <matrix>0.5000000000000056 -0.4321242634956362 0.750512239006366 6.928203349286443 0.6454972243678961 0.7637012660728921 0.009680368381600907 -4.00000006871079 -0.5773502691896284 0.4796133829419438 0.6607856457049049 8.944272063641408 0 0 0 1</matrix>
                <instance_node url="#ID7" />
            </node>
            <node id="ID82" name="instance_64">
                <matrix>0.3090169943748937 0.8774468290692945 -0.3668726745667321 -6.928203349286124 0.7557613140762017 0.007620043257604068 0.6548028490214175 4.000000068710508 0.5773502691896142 -0.4796133829419198 -0.6607856457049348 -8.944272063641725 0 0 0 1</matrix>
                <instance_node url="#ID7" />
            </node>
            <node id="ID83" name="instance_65">
                <matrix>-0.8090169943749129 -0.5422919636856683 0.2267397824258547 6.928203349286521 -0.4670861794813882 0.8273066174335653 0.3120805371824925 4.000000068710917 -0.3568220897731285 0.1465714394845546 -0.9226021945439774 -8.944272063641277 0 0 0 1</matrix>
                <instance_node url="#ID7" />
            </node>
        </node>
        <node id="ID7" name="Pentakis_Face">
            <instance_geometry url="#ID8">
                <bind_material>
                    <technique_common>
                        <instance_material symbol="Material2" target="#ID9">
                            <bind_vertex_input semantic="UVSET0" input_semantic="TEXCOORD" input_set="0" />
                        </instance_material>
                    </technique_common>
                </bind_material>
            </instance_geometry>
        </node>
    </library_nodes>
    <library_geometries>
        <geometry id="ID8">
            <mesh>
                <source id="ID14">
